"scenario","shareweights_var_var_sd","shareweights_sd_var_sd","Capital costs (purchase)_var_var_sd","Capital costs (purchase)_sd_var_sd","Capital costs (other)_var_var_sd","Capital costs (other)_sd_var_sd","Capital costs (infrastructure)_var_var_sd","Capital costs (infrastructure)_sd_var_sd","shareweights_cv","Capital costs (purchase)_cv","Capital costs (other)_cv","Capital costs (infrastructure)_cv"
"elecCar_1,date=2025-28-11T12:39:14+01:00",0.121119598880992,0.348022411463676,434749388.755984,20850.6448043216,25738086.4346924,5073.27176826674,901324.629904082,949.38118261533,0.747294156643613,0.520312087890712,0.773331762584838,0.40273652951772
"elecCar_10,date=2025-28-11T18:53:40+01:00",0.0312391332263149,0.176745956746724,77711237.2256846,8815.39773496832,4658870.10091992,2158.44159080572,158619.66407942,398.270842617709,0.429892305655077,0.512838864110179,0.767030465197196,0.39387054972248
"elecCar_100,date=2025-30-11T08:51:40+01:00",0.0944913916520092,0.307394521180858,69139424.0035844,8315.01196653284,4565635.59350342,2136.73479718552,123114.237352788,350.876384718019,0.634199782819604,0.462094095250042,0.725356418149683,0.331480250519172
"elecCar_101,date=2025-30-11T09:18:02+01:00",0.0420882714587693,0.205154262589811,49499111.3626064,7035.56048674208,4936425.48422358,2221.80680623307,16741.7494586201,129.389912507197,0.522430524632613,0.323397195600732,0.623845628617517,0.101105305533704
"elecCar_102,date=2025-30-11T09:43:04+01:00",0.0684453178111493,0.261620560757654,100130100.285567,10006.502899893,5040823.52603172,2245.1778383976,245568.516331272,495.548702279878,0.49654273160035,0.644019622001695,0.882674978952596,0.542174509966526
"elecCar_103,date=2025-30-11T10:08:32+01:00",0.0953781105658858,0.308833467366938,98422899.4229853,9920.83158928652,8922933.69122897,2987.12800047621,71500.5574619061,267.395881535049,0.546159223907721,0.348186984750877,0.640400383982929,0.159534695619006
"elecCar_104,date=2025-30-11T10:33:29+01:00",0.0285472447426361,0.168959299071214,163753426.262056,12796.6177665059,12535513.696935,3540.55273890038,217866.626061948,466.761851549533,0.403443081015742,0.401422471635188,0.678439063121365,0.248907403881247
"elecCar_105,date=2025-30-11T10:58:01+01:00",0.108646539883951,0.32961574580707,451821417.629414,21256.09130648,26532672.5600508,5150.9875325078,945970.764843558,972.610284154737,0.702696888477934,0.525259542625546,0.777524957147462,0.408568970218448
"elecCar_106,date=2025-30-11T11:23:09+01:00",0.0703667386454461,0.26526729659995,288275678.2048,16978.6830527223,18785338.4993698,4334.20563648863,524068.754242172,723.925931461343,0.57547633621888,0.468442349319313,0.730457506989213,0.33953321132112
"elecCar_107,date=2025-30-11T11:47:45+01:00",0.065142541575886,0.255230369619068,429850769.254532,20732.8427682875,25509599.6542479,5050.70288714827,888534.901610381,942.621292784319,0.622350590147271,0.518858657013391,0.772103159385097,0.401017603415359
"elecCar_108,date=2025-30-11T12:12:38+01:00",0.148413318385701,0.385244491700661,63423567.1665067,7963.89145873465,6630278.17419458,2574.93265430275,8385.01888464324,91.5697487418374,0.844992727233767,0.312221374438031,0.616646781030567,0.061027460709544
"elecCar_109,date=2025-30-11T12:37:49+01:00",0.115380756160774,0.339677429572196,403084798.873901,20076.9718551853,24257040.6581677,4925.1437195444,818828.064463787,904.891189295037,0.623840484413006,0.510632150640523,0.765177424878404,0.391239128979484
"elecCar_11,date=2025-28-11T19:32:48+01:00",0.105944789300566,0.325491611720741,136529753.458131,11684.5947066268,11080205.6984762,3328.69429333427,154730.923203972,393.358517390906,0.70262275261714,0.38145374015813,0.663797222733325,0.21829951019137
"elecCar_110,date=2025-30-11T13:03:12+01:00",0.0770154611832572,0.27751659623031,157123878.633769,12534.9064070606,12185701.6152054,3490.80243141966,202295.367459377,449.772573040394,0.638634118701187,0.396803693644403,0.675014613980809,0.24203800113989
"elecCar_111,date=2025-30-11T13:28:01+01:00",0.0275117153942408,0.165866558999217,115811722.188756,10761.5854867559,9930599.95027458,3151.28544411238,108483.984969168,329.369071057328,0.350469680189371,0.36424180071251,0.651530217663876,0.189510081197564
"elecCar_112,date=2025-30-11T13:53:22+01:00",0.10705041588616,0.327185598531108,142678049.80137,11944.7917437421,6012662.12529704,2452.07302609385,400013.433021164,632.466151680202,0.758911399298465,0.904043126684994,1.13364548151528,0.813736567478052
"elecCar_113,date=2025-30-11T14:19:20+01:00",0.0947714148522424,0.307849662745052,104564208.1306,10225.6641901932,9284485.13866972,3047.04531286781,84319.5325938288,290.378257784271,0.527574162430172,0.354036467710814,0.644419510032562,0.170905699520252
"elecCar_114,date=2025-30-11T14:44:14+01:00",0.0389200624126415,0.197281682912128,74115525.7467587,8609.03744600746,4614478.81345038,2148.13379784649,143951.917081429,379.409959122621,0.499064226859266,0.491673046228738,0.749404725136081,0.368354948618435
"elecCar_115,date=2025-30-11T15:08:42+01:00",0.0349091633018878,0.186839940328314,479885105.10052,21906.2800379371,27833430.8487549,5275.73983899462,1019593.67581999,1009.74931335455,0.456676943610978,0.533019877657006,0.784136078317134,0.417661376041567
"elecCar_116,date=2025-30-11T15:33:24+01:00",0.0191177879439196,0.138267089156891,151360385.608044,12302.8608708725,11879362.0963747,3446.64504937406,188853.540036821,434.572824779485,0.35242330124537,0.392666329537086,0.671966164108191,0.235784956837102
"elecCar_117,date=2025-30-11T15:58:12+01:00",0.034778227603333,0.186489215782932,456918743.979351,21375.657743783,26769421.5572038,5173.91742852588,959322.366431498,979.450032636427,0.382344203514845,0.526702508362701,0.778751126673259,0.410264711235952
"elecCar_118,date=2025-30-11T16:22:46+01:00",0.0151567638782669,0.123112809562072,51296914.3992876,7162.18642589591,5490605.86727364,2343.20418813078,1299.95918908387,36.0549468046186,0.268753489131,0.306862491630466,0.613255731552193,0.0262602601043348
"elecCar_119,date=2025-30-11T16:48:01+01:00",0.0193594237461667,0.139138146265381,225492387.582558,15016.4039497663,15694411.9971836,3961.61734613322,367106.662144753,605.893276200317,0.298016221614202,0.438554051712898,0.706745423340217,0.300807940714415
"elecCar_12,date=2025-28-11T20:10:23+01:00",0.0586486275136987,0.242174787113974,55279148.5410175,7434.99485817022,4581905.3713776,2140.53857040176,58552.6433216934,241.976534650973,0.534140266342128,0.374683878654821,0.658932134664499,0.207297262060501
"elecCar_120,date=2025-30-11T17:13:10+01:00",0.0575424027761605,0.239879975771552,49602700.1713135,7042.9184413362,4904983.96570556,2214.71983910055,18565.1431476883,136.253965621879,0.482864990395003,0.325479202539478,0.625205334765309,0.107042369358754
"elecCar_121,date=2025-30-11T17:38:27+01:00",0.0585454030376137,0.241961573473173,98094727.6784304,9904.27825126245,8903409.38935504,2983.85813827585,70824.2931818866,266.128339681979,0.550625541760839,0.347868801368589,0.640182966351235,0.158898482878711
"elecCar_122,date=2025-30-11T18:03:29+01:00",0.120294398169361,0.346834828368434,103665215.784241,10181.6116496477,9231988.9840474,3038.41882959664,82424.6511967588,287.09693693378,0.8496392179348,0.35319261456271,0.643837131087011,0.169301038857519
"elecCar_123,date=2025-30-11T18:28:24+01:00",0.0332496465403202,0.18234485608407,50761096.4405503,7124.68219926688,4753975.5179517,2180.361327384,30367.7733740691,174.263517048375,0.440731980191625,0.339380669083648,0.634429501550016,0.141112035871924
"elecCar_124,date=2025-30-11T18:53:12+01:00",0.0776088668827227,0.278583680216058,50076084.8361614,7076.4457770947,4822259.73734642,2195.96442078337,24287.9975138774,155.846069934013,0.764569434007482,0.332135076809267,0.629590483731406,0.124345878189132
"elecCar_125,date=2025-30-11T19:18:18+01:00",0.0197880920730309,0.140670153454921,93898557.9957192,9690.12683073442,8651728.49222827,2941.38207178671,62264.2870119865,249.528128698923,0.396215680446374,0.343750460198643,0.63738019227802,0.150476719554936
"elecCar_126,date=2025-30-11T19:43:18+01:00",0.0636211215368367,0.252232276952885,136030175.252821,11663.1974712264,11052981.1580166,3324.60240600536,153594.520208003,391.911367796346,0.580426633675076,0.381060904252642,0.66351351718723,0.217671015857744
"elecCar_127,date=2025-30-11T20:08:21+01:00",0.0199748253301077,0.141332322312016,62584018.1622806,7911.00614095834,6565316.05517977,2562.28727022943,7297.73409664969,85.4267762276541,0.298451844967884,0.311421579711004,0.616138143606212,0.0571672074123509
"elecCar_128,date=2025-30-11T20:33:16+01:00",0.0485189204020597,0.220270107826867,145404548.184113,12058.3808276283,11560425.8793214,3400.06262873516,175064.724626022,418.407366840047,0.475398844161811,0.388264967864683,0.66874326811499,0.229020581096928
"elecCar_129,date=2025-30-11T20:58:12+01:00",0.0294544408066911,0.171622961187281,61848664.4878966,7864.39218807764,6507575.07806519,2550.99491925507,6381.40533342365,79.8836987965858,0.408217696480493,0.310737963633993,0.615704093353303,0.0536566180779746
"elecCar_13,date=2025-28-11T20:45:36+01:00",0.055865809049199,0.23635949113416,49973540.2184069,7069.19657517082,4836085.67696204,2199.11020118639,23223.5763761424,152.392835711337,0.56711408776862,0.330884177088157,0.628761917129509,0.121256902516592
"elecCar_130,date=2025-30-11T21:23:05+01:00",0.0595511898545742,0.244031124766031,273097623.996917,16525.6656143381,18046288.5370732,4248.0923409306,485772.007345913,696.973462440223,0.601869400964873,0.461774457219799,0.725100474196439,0.331072544361009
"elecCar_131,date=2025-30-11T21:48:10+01:00",0.0436806051677493,0.208999055423103,297022498.805325,17234.3406838012,19209229.5392909,4382.83350576895,546224.452254075,739.069991444704,0.502156029386152,0.47214611283307,0.733449155579908,0.344193997343613
"elecCar_132,date=2025-30-11T22:13:19+01:00",0.0312873095082184,0.17688219104313,201478754.826592,14194.321217536,14483670.3744034,3805.74176401964,308291.688742829,555.240208146735,0.445880571924161,0.425226728832917,0.696431710703519,0.282763151341855
"elecCar_133,date=2025-30-11T22:38:05+01:00",0.0428539520930879,0.207011961231925,53234975.6420057,7296.23023499161,5729024.00580294,2393.53796832282,22.9141552810446,4.78687322592156,0.488889170070777,0.305652447004479,0.612495585974386,0.00340892346992183
"elecCar_134,date=2025-30-11T23:03:09+01:00",0.0161661565756701,0.12714620157783,263435216.564547,16230.6874951293,17573327.9783095,4192.05534055904,461498.262546681,679.336634185645,0.291471302241682,0.457359305499982,0.721574049717618,0.32541803424869
"elecCar_135,date=2025-30-11T23:27:55+01:00",0.0748356070402844,0.273560974995127,126017843.694128,11225.7669534927,10502528.4196172,3240.76046933698,131026.011637034,361.975153342096,0.627179005400567,0.372963448199047,0.657703990894509,0.204439583971392
"elecCar_136,date=2025-30-11T23:53:11+01:00",0.0205705765051307,0.143424462715154,132275249.279398,11501.0977423635,10847650.7267574,3293.57719307707,145083.302358836,380.898020943711,0.309685257149784,0.378074847789577,0.661362602137076,0.212854671577573
"elecCar_137,date=2025-1-12T00:17:58-023:00",0.0592362736804246,0.243385031750978,93175614.4433894,9652.75165138881,4907615.98622937,2215.31397012463,219226.704708027,468.216514774978,0.445916998221388,0.603233210374112,0.845673441541741,0.497412639533663
"elecCar_138,date=2025-1-12T00:44:50-023:00",0.0269710141590409,0.164228542461537,60374395.7747736,7770.09625260676,6389141.79532383,2527.67517599153,4658.69061354847,68.2546014093444,0.363645347507222,0.309426409166818,0.614873161648278,0.0462060551299571
"elecCar_139,date=2025-1-12T01:09:58+01:00",0.0528607496397762,0.22991465729652,111587682.182906,10563.5070967414,5279996.40681873,2297.82427674936,288122.981320236,536.770883450505,0.611540560963146,0.711941886233269,0.945989955281639,0.614980499357209
"elecCar_14,date=2025-28-11T21:21:04+01:00",0.00650107135561754,0.0806292214747082,158259321.154612,12580.1161025887,12245802.1008649,3499.40024873762,204954.200468744,452.718676960365,0.207794032485487,0.39760518489183,0.675607252896736,0.243238199453297
"elecCar_140,date=2025-1-12T01:36:01+01:00",0.0169124378168437,0.130047828958594,153029289.838542,12370.5007917441,6275663.97702151,2505.12753707701,436449.952200075,660.643589388466,0.289689808741431,0.97144183136657,1.20169057579588,0.881927170955052
"elecCar_141,date=2025-1-12T02:03:24+01:00",0.0343783986914163,0.185414127539992,61674957.8470201,7853.34055335818,6493812.75870957,2548.29605005179,6170.19873243425,78.5506125528901,0.440954356867286,0.310579078668239,0.615603304929936,0.0528084379062254
"elecCar_142,date=2025-1-12T02:28:07+01:00",0.0244761049674265,0.156448409922973,145583804.383637,12065.8113852172,11570062.3578646,3401.47943663703,175478.138549052,418.901108316811,0.413521571431649,0.3883993722062,0.668841376574828,0.229228955207992
"elecCar_143,date=2025-1-12T02:52:55+01:00",0.0172608082347994,0.13138039516914,164958077.462035,12843.6006424225,6587514.5160337,2566.61538139895,478064.139556241,691.421824616667,0.277340523087109,1.05175993641532,1.28387847623516,0.962518072502974
"elecCar_144,date=2025-1-12T03:19:02+01:00",0.0146373591858898,0.120984954378178,171381923.733456,13091.2919046768,12934938.1371134,3596.51750129392,235916.809422661,485.712681966058,0.266383903875088,0.406562160050722,0.682275727905518,0.256424708104113
"elecCar_145,date=2025-1-12T03:45:40+01:00",0.0195580717556106,0.139850176101464,309334645.577561,17587.9119163578,19803594.6951274,4450.12299775269,577510.009118895,759.940793166741,0.309581656673572,0.477199309312286,0.737548924785742,0.350510684252276
"elecCar_146,date=2025-1-12T04:11:02+01:00",0.0265436570209386,0.162922242253593,49532401.3251186,7037.9259249525,4925049.02483879,2219.24514753075,17382.1930702388,131.841545311934,0.379709843500235,0.324126165807133,0.624321044523093,0.103218528502559
"elecCar_147,date=2025-1-12T04:32:59+01:00",0.0508614259381378,0.225524778989223,132046154.550457,11491.1337365143,10835081.7621291,3291.66853770684,144565.789730284,380.218081803435,0.567844476176047,0.377890727590447,0.661230302596401,0.212555379762673
"elecCar_148,date=2025-1-12T04:55:14+01:00",0.0315829182907293,0.177715835790538,101482578.661349,10073.8561961817,5067881.06115174,2251.19547377649,250642.042426226,500.641630736225,0.399803067499054,0.651983377195623,0.88999440846336,0.550812408047875
"elecCar_149,date=2025-1-12T05:19:15+01:00",0.0948393309600364,0.307959950253335,233198279.746284,15270.8310103374,16079092.3672629,4009.87435803953,386144.688569539,621.40541401692,0.849262513730214,0.442579935896288,0.70989335412333,0.306154087022302
"elecCar_15,date=2025-28-11T21:55:59+01:00",0.0332508206578176,0.182348075552822,59797314.0365315,7732.87230183788,6341689.6326916,2518.27115948454,4031.1570638132,63.491393620027,0.429330303012022,0.308939126136307,0.614565055103054,0.0431204131714188
"elecCar_150,date=2025-1-12T05:41:39+01:00",0.13037502664216,0.36107482139047,129709246.176255,11388.9967150867,5695108.97802479,2386.44274559957,353851.225557098,594.853953132278,0.692447584681399,0.822232320863121,1.05243041623721,0.730054709763622
"elecCar_151,date=2025-1-12T06:05:50+01:00",0.0710108701929567,0.266478648662434,420025221.962919,20494.5168755675,25050619.9196953,5005.05943218413,862910.895406928,928.929973360171,0.504553821879218,0.515895914036636,0.769603328090251,0.397505697529011
"elecCar_152,date=2025-1-12T06:28:30+01:00",0.0177832776798553,0.133353956371213,61442385.760357,7838.51936020809,6475309.89207574,2544.66302132045,5890.70643670949,76.750937692705,0.310245067100819,0.310368034606027,0.615469483678199,0.0516609774780661
"elecCar_153,date=2025-1-12T06:50:49+01:00",0.0852989479631935,0.292059836271942,108170234.602381,10400.492036552,9493704.64830508,3081.18559134387,91978.1549568317,303.279005136906,0.710649543371031,0.357378894382617,0.646734707712495,0.177154969792333
"elecCar_154,date=2025-1-12T07:13:19+01:00",0.0965921012687263,0.31079269822299,91755290.5249452,9578.89818950724,8521613.14983732,2919.1802188007,57959.1099554797,240.746983273892,0.740058170444492,0.341611670604726,0.635932974108523,0.145953318571129
"elecCar_155,date=2025-1-12T07:35:42+01:00",0.061002248582189,0.246986332784203,70385914.306925,8389.63135703382,4576271.13936018,2139.22208743276,128402.455104508,358.332883091279,0.609317910483359,0.469544896483224,0.731346884036454,0.340923460874343
"elecCar_156,date=2025-1-12T08:01:00+01:00",0.0287368665084264,0.16951951660038,79020129.6454474,8889.32672621765,4676583.30384055,2162.5409369167,163892.406972502,404.83627180936,0.417346795517062,0.520515603045203,0.773503914746813,0.402977017875895
"elecCar_157,date=2025-1-12T08:24:33+01:00",0.166033053916437,0.407471537553775,51039545.4775049,7144.19662925824,5453512.55803992,2335.27569208432,1702.10580581711,41.2565849994533,0.893708601103014,0.307254480562157,0.613502418982987,0.0301629684982538
"elecCar_158,date=2025-2-12T10:58:16+01:00",0.107553598920889,0.327953653617228,64184292.6331618,8011.51000955262,6688329.57751312,2586.18049979369,9404.96517304463,96.9791996927415,0.737717107576615,0.312961215938359,0.617118077555972,0.0644007188479462
"elecCar_159,date=2025-2-12T11:23:51+01:00",0.0197956970563656,0.140697182119492,55934030.928192,7478.90573066622,4571071.05958456,2138.00632823773,62034.0352949779,249.066327099787,0.293040440275096,0.379197324171077,0.662169977778729,0.214673382699229
"elecCar_16,date=2025-28-11T22:26:11+01:00",0.0638043566148153,0.252595242660695,289761912.37479,17022.3944371757,18857464.8190475,4342.51825776789,527829.104671245,726.518481988755,0.554105191460431,0.469078606107466,0.730970624716803,0.340335789420437
"elecCar_160,date=2025-2-12T11:49:45+01:00",0.125414379138384,0.354138926324661,56547279.9780507,7519.79254887066,4562555.543815,2136.01393811347,65224.3174722224,255.390519542567,0.803998821669115,0.383357699301784,0.665174677262393,0.221329386509766
"elecCar_161,date=2025-2-12T12:16:16+01:00",0.0735973208000351,0.271288261449026,59173805.1989504,7692.4511827473,6289639.16718451,2507.91530303248,3386.56114645795,58.1941676326584,0.557158216716398,0.308432638628192,0.614245156930205,0.0396653252243586
"elecCar_162,date=2025-2-12T12:42:08+01:00",0.0536840926325391,0.231698279304226,128490102.304241,11335.3474717029,5666040.951535,2380.34471275381,349478.148533472,591.166768800034,0.472424388691062,0.814676602176653,1.04501748136922,0.722264712913038
"elecCar_163,date=2025-2-12T13:09:05+01:00",0.0179819455679678,0.134096776873897,150224391.114699,12256.6060193962,6203649.11964854,2490.71257266842,426608.718477442,653.152905893744,0.294451811580861,0.952978891844276,1.18295973644338,0.863304285529283
"elecCar_164,date=2025-2-12T13:35:06+01:00",0.0957855135974194,0.309492348204959,126739516.428823,11257.8646478283,5624560.86949683,2371.61566648073,343187.692641092,585.822236383267,0.711663760793645,0.803864681803658,1.03443815463412,0.711096851997539
"elecCar_165,date=2025-2-12T14:00:23+01:00",0.0246292767620056,0.156937174569971,199168943.82349,14112.7227643531,14366152.9609273,3790.27082949587,302679.771665811,550.163404513433,0.325773110029506,0.423876925631238,0.695396505140554,0.280903171628616
"elecCar_166,date=2025-2-12T14:24:16+01:00",0.154843381005998,0.39350143710792,158015409.924814,12570.418048928,6404954.66766358,2530.80119086102,453889.663447551,673.713339223405,0.936614689922359,1.0046502443869,1.23553911325351,0.915327051783562
"elecCar_167,date=2025-2-12T14:56:47+01:00",0.15104398302515,0.388643773943633,276527400.585939,16629.1130426712,18213695.3150892,4267.7506153815,494408.603427501,703.141951121892,0.948315245514673,0.463309032095666,0.726330045820823,0.333027938678788
"elecCar_168,date=2025-2-12T15:25:04+01:00",0.0168723024175816,0.129893427153115,213056154.034496,14596.4431980704,15069791.0688545,3881.98287848549,336544.6564341,580.12469041931,0.272146636884474,0.431807211202766,0.70150336704787,0.291742820479574
"elecCar_169,date=2025-2-12T15:50:07+01:00",0.0504493479930498,0.224609323032348,56967543.0200549,7547.68461318138,4557523.14542029,2134.83562491829,67376.243473708,259.569342322448,0.527156561621554,0.386176614909633,0.667221394232709,0.225767592553172
"elecCar_17,date=2025-28-11T22:50:38+01:00",0.129023600997664,0.359198553724349,67719518.3632704,8229.18698069684,4555035.68185125,2134.25295638808,117025.43493428,342.08980536444,0.850101188596334,0.453563717106154,0.71855590420377,0.320521735646243
"elecCar_170,date=2025-2-12T16:15:15+01:00",0.149169023670253,0.386224058896197,95247486.344389,9759.4818686439,4946194.92751546,2224.00425528268,227121.77888218,476.572952319139,0.926611311966614,0.615359935765954,0.856586774231138,0.510819919787201
"elecCar_171,date=2025-2-12T16:42:34+01:00",0.0346332743834586,0.186100172980733,49480903.2589697,7034.26636252635,4943414.90362454,2223.37916326131,16358.6183798783,127.900814617728,0.399750987650259,0.32296233458327,0.623562360835149,0.0998256979284876
"elecCar_172,date=2025-2-12T17:07:35+01:00",0.0266112805886261,0.163129643500579,62464701.7865836,7903.4613800906,6556002.50965447,2560.46919716963,7146.6840133727,84.5380625125316,0.382788279899627,0.311309512744354,0.616066944221744,0.0566061118030266
"elecCar_173,date=2025-2-12T17:32:59+01:00",0.145777728329105,0.381808496931518,60065613.9200343,7750.20089546292,4536092.39642209,2129.81041325797,82568.958172938,287.348148024201,0.934760375332734,0.406345291652405,0.682113292674536,0.256110068657606
"elecCar_174,date=2025-2-12T17:59:08+01:00",0.0726917201043698,0.269614020600505,58279089.0701432,7634.07421172621,6213374.54959546,2492.66414697116,2528.96307303697,50.288796695059,0.611032968596208,0.307748390004574,0.613813554188426,0.0344624885225908
"elecCar_175,date=2025-2-12T18:26:51+01:00",0.0169522339831083,0.130200744940681,190807247.060684,13813.2996442082,13938993.9343488,3733.49620789265,282438.547766104,531.449478093735,0.28775904920431,0.418881681921779,0.69158082831482,0.273962991078921
"elecCar_176,date=2025-2-12T18:53:27+01:00",0.0857475630092278,0.292826848170088,212570649.467237,14579.8027924673,15045305.1174626,3878.82780198639,335355.856674925,579.099176890216,0.658488794206588,0.43153724553164,0.701294495819097,0.291377197209414
"elecCar_177,date=2025-2-12T19:19:34+01:00",0.02742097983124,0.165592813344179,66092015.2218741,8129.69957759044,4545110.46224954,2131.92646736456,109951.184628535,331.588878927709,0.388880399306466,0.443719480603933,0.710787063896327,0.307659219283174
"elecCar_178,date=2025-2-12T19:49:01+01:00",0.0141955722640865,0.119145173062473,49444021.4092926,7031.64428916115,4960116.61464554,2227.13192573892,15473.6385788841,124.393080912421,0.26677433520848,0.321961474161587,0.622911362515107,0.0968231520899511
"elecCar_179,date=2025-2-12T20:15:21+01:00",0.152542985051618,0.390567516636519,156367015.410999,12504.6797404411,6362036.43586486,2522.30775994224,448131.652806346,669.426361003468,0.911185778903637,0.993615524561269,1.22426988322925,0.904241809361874
"elecCar_18,date=2025-28-11T23:16:00+01:00",0.0126588344454484,0.112511485837884,430490481.724924,20748.2645473043,25539450.5615112,5053.65714720649,890204.571498179,943.506529653176,0.217926521018177,0.519049342282385,0.772264263428532,0.401243265982608
"elecCar_180,date=2025-2-12T20:42:43+01:00",0.0303862873116197,0.174316629475273,210364975.274528,14503.9641227675,14933964.0448042,3864.44873750503,329959.35617936,574.420887659354,0.397004984469208,0.430304321695642,0.700341459337522,0.28970446798528
"elecCar_181,date=2025-2-12T21:09:32+01:00",0.0645278845452381,0.254023393696797,69888222.0491932,8359.91758626801,4571883.48899088,2138.19631675646,126297.045319727,355.382955865538,0.580010435215851,0.466573863938216,0.728952589916961,0.337171598411708
"elecCar_182,date=2025-2-12T21:35:26+01:00",0.169503670834428,0.411708235082112,235271085.179502,15338.5489919843,16182278.700557,4022.72031100312,391278.081622248,625.522247104168,0.849551871918503,0.443643707521937,0.710727600996369,0.307559245499227
"elecCar_183,date=2025-2-12T22:01:38+01:00",0.0775053198620674,0.278397772731873,50247422.5894746,7088.54164052625,5322416.19458459,2307.03623607966,3664.70044914763,60.5367693980083,0.636601386678266,0.309214700778331,0.614739258844438,0.0448909149643943
"elecCar_184,date=2025-2-12T22:28:15+01:00",0.107828703089554,0.328372811130207,163944107.082121,12804.0660370884,12545536.8436205,3541.96793373691,218316.127979246,467.24311442679,0.756972063420646,0.401553179407665,0.678536295944994,0.249100186093375
"elecCar_185,date=2025-2-12T22:54:27+01:00",0.113335375520101,0.336653197697721,49514890.872713,7036.68180840323,5135594.24590326,2266.18495403691,8287.61109249891,91.0363174370477,0.745221968483376,0.314047357179575,0.617811341663858,0.0690681605344893
"elecCar_186,date=2025-2-12T23:21:11+01:00",0.00107775952327617,0.0328292479852367,101038947.478318,10051.8131438223,9077807.20990352,3012.93996121787,76924.2504727179,277.352213751248,0.0676419811894958,0.350703061418253,0.642124030293094,0.164498811777675
"elecCar_187,date=2025-2-12T23:47:37+01:00",0.0164883114989946,0.128406820297812,74878218.795699,8653.22014025409,7446775.68035085,2728.87809921052,26209.4620324875,161.893366239903,0.271529194518051,0.324074477512635,0.624287311404523,0.103069960324587
"elecCar_188,date=2025-3-12T00:14:24-023:00",0.0288096614612913,0.169734090451186,59093292.6723947,7687.21618483536,6282855.07287684,2506.56240155254,3306.01922698685,57.4979932431285,0.392393106373668,0.308368901674178,0.614204925978167,0.0392093953476439
"elecCar_189,date=2025-3-12T00:40:50-023:00",0.0228921791133469,0.151301616360655,49530091.8045539,7037.76184625154,5141841.67144352,2267.56293660033,8090.18774451438,89.9454709505397,0.355820535066857,0.313836113488093,0.617676381550691,0.0681841810879852
"elecCar_19,date=2025-28-11T23:41:04+01:00",0.0346429306213681,0.186126114829081,109351846.218094,10457.1433105841,9561812.99853658,3092.21813566517,94506.8907730214,307.419730617638,0.391465231154382,0.35845947725304,0.647486063709636,0.179140888244412
"elecCar_190,date=2025-3-12T01:07:39+01:00",0.0843977460931754,0.29051290176716,79204432.9292273,8899.6872377195,4679138.24012481,2163.13158178711,164632.252919799,405.749002364515,0.635234537717546,0.521595627048855,0.77441798485916,0.404252427295372
"elecCar_191,date=2025-3-12T01:34:42+01:00",0.188615454541004,0.434298807897287,118082836.213634,10866.5926680645,10058931.9398926,3171.58193018762,113454.599556161,336.830223638202,1.05532749648058,0.366225485914615,0.652926665976252,0.192975514715646
"elecCar_192,date=2025-3-12T02:00:41+01:00",0.0409344703503738,0.202322688669298,255153340.29895,15973.519972096,17166288.4438887,4143.22198824643,440763.474534509,663.900199227647,0.454129563710667,0.453462021719012,0.718475211222145,0.320390085388134
"elecCar_193,date=2025-3-12T02:27:31+01:00",0.0583677895430488,0.241594266370394,93571890.7326714,9673.25646991081,4914916.90629835,2216.9611873685,220740.088994738,469.829851110737,0.599577284129516,0.605551349455764,0.847753631348203,0.499982563350368
"elecCar_194,date=2025-3-12T02:56:37+01:00",0.150043180545406,0.387354076453838,60617976.4883485,7785.7547153984,6408976.21591989,2531.5955869609,4931.9014858837,70.2274980750682,0.795819934279984,0.309636885427509,0.615006347066283,0.0474782986287551
"elecCar_195,date=2025-3-12T03:23:09+01:00",0.0584387915767864,0.241741166491738,71717124.272203,8468.59635785075,4588874.16806235,2142.16576577592,133996.809901829,366.055746986478,0.58194558654694,0.47746872727156,0.737768091523024,0.350846142927029
"elecCar_196,date=2025-3-12T03:50:41+01:00",0.0540849492743618,0.232561710679901,55646334.4852809,7459.64707511561,4575593.58192104,2139.06371619011,60514.7754344803,245.9975110331,0.571143296869719,0.377224199094817,0.660751686491748,0.21146960570713
"elecCar_197,date=2025-3-12T04:16:33+01:00",0.127582124959573,0.357186400860353,141671522.802039,11902.5847109793,5987511.0973779,2446.93912825348,396452.351788572,629.644623409564,0.826995372306868,0.897593856191318,1.12718461118242,0.807179396431796
"elecCar_198,date=2025-3-12T04:40:08+01:00",0.0746919586958449,0.273298296181745,113958387.760852,10675.1294025343,9825383.11833435,3134.54671656595,104448.795277767,323.18538840388,0.609927940608721,0.362604250675188,0.650380908827541,0.18661538220221
"elecCar_199,date=2025-3-12T05:02:50+01:00",0.13060525773492,0.361393494317372,50180542.1289204,7083.82256475418,5309530.05381838,2304.24175246834,3908.21388942675,62.515709141197,0.75444434427794,0.309462471057498,0.6148959765526,0.0464264476776902
"elecCar_2,date=2025-28-11T13:09:48+01:00",0.0722225632723822,0.268742559473527,135262379.61055,11630.2355784631,5829290.64657696,2414.3923969763,373694.214125969,611.305336248564,0.577667675664305,0.856931291088029,1.08667240727674,0.765687672399528
"elecCar_20,date=2025-29-11T00:06:24-023:00",0.0567209155129955,0.238161532395548,224997722.360689,14999.9240784975,15669658.7172757,3958.49197514353,365887.09705166,604.886019884457,0.484731387837558,0.438291691152164,0.706540791742607,0.30045795178199
"elecCar_200,date=2025-3-12T05:27:26+01:00",0.0791946409113162,0.281415424082114,50731287.4413966,7122.58993915813,4756364.19543067,2180.90902960914,30128.1557070867,173.57464016119,0.61739275282616,0.339092061048257,0.634235468845856,0.140475935209094
"elecCar_201,date=2025-3-12T05:50:58+01:00",0.133631109221046,0.365555890693949,151359011.211644,12302.805013965,11879288.7833212,3446.63441393502,188850.345816462,434.569149637273,0.861879837540988,0.392665328879453,0.67196542901479,0.235783432457726
"elecCar_202,date=2025-3-12T06:14:07+01:00",0.205985060961404,0.453855771100693,219705697.221719,14822.4727094274,15404377.0447722,3924.84102159211,352859.912725894,594.020128216119,1.12378978162529,0.435454293203154,0.704331776445026,0.296660044005222
"elecCar_203,date=2025-3-12T06:36:21+01:00",0.0421698084950129,0.20535288772017,91063990.6780561,9542.74544761915,8479400.96132616,2911.9410985331,56580.9502443109,237.867505650332,0.492342429926403,0.340916830610957,0.635464046849418,0.14445953078955
"elecCar_204,date=2025-3-12T06:59:01+01:00",0.199982815479383,0.447194382209104,130771961.551417,11435.5568973014,5720565.11459056,2391.77028884267,357658.147896081,598.045272446895,0.992562366308267,0.828836405621125,1.05892270733624,0.736854159798513
"elecCar_205,date=2025-3-12T07:22:57+01:00",0.104628078756068,0.323462638887505,97770831.5229024,9887.91340591646,4994479.58154883,2234.83323349838,236681.61832806,486.499350799218,0.670092615651018,0.630155086951353,0.870003917337218,0.52706118666815
"elecCar_21,date=2025-29-11T00:31:19-023:00",0.0180639253133342,0.134402103083747,51489856.5204378,7175.64328269165,4705206.94574439,2169.14889893349,35813.6252264251,189.244881638646,0.307506004758862,0.346000965444637,0.638909181952396,0.155123141179611
"elecCar_22,date=2025-29-11T00:56:34-023:00",0.0165823501962747,0.128772474528816,50266413.6353656,7089.88107342892,4799797.84571198,2190.84409434172,26126.6323703405,161.637348315111,0.268498512979821,0.334308697127189,0.631035065617536,0.129564618382027
"elecCar_23,date=2025-29-11T01:21:24+01:00",0.0358797284174331,0.18941945100077,390486125.211646,19760.7217786104,23664907.7296682,4864.65905585049,786126.689274755,886.637856892404,0.455368420030302,0.506582245371478,0.761785784015046,0.386393142268047
"elecCar_24,date=2025-29-11T01:48:02+01:00",0.0254488038082795,0.159526812192432,51073062.002981,7146.54196118522,4731068.70159094,2175.1019979741,32785.9314248138,181.068858241316,0.365875312985937,0.342306200684682,0.636402300000213,0.147434309326975
"elecCar_25,date=2025-29-11T02:13:39+01:00",0.0349375493337874,0.186915888393115,50933554.7487068,7136.77481420752,5437632.10518065,2331.87308942418,1893.60087427054,43.5155245202277,0.451721924263101,0.307442471136191,0.613620802170311,0.0318670652456993
"elecCar_26,date=2025-29-11T02:38:24+01:00",0.0764975119690445,0.276581835934764,96941605.5581805,9845.8928268685,8834628.27831745,2972.31025943078,68455.6329390227,261.640273923994,0.679311569627539,0.346746271720353,0.639416930850604,0.156638050575025
"elecCar_27,date=2025-29-11T03:02:57+01:00",0.164317921720495,0.405361470443967,90267954.6685078,9500.94493555814,8430639.41015657,2903.5563383817,55000.5821448211,234.522029124816,0.930694150569052,0.340113753441357,0.634922832920396,0.142717429376838
"elecCar_28,date=2025-29-11T03:28:01+01:00",0.143515668008163,0.378834618281069,78078911.4640236,8836.22721889968,7659189.31988514,2767.52404142857,31863.6492491328,178.503919422328,0.784801765720649,0.327469143100358,0.626510286135476,0.112457194053645
"elecCar_29,date=2025-29-11T03:53:01+01:00",0.0144606869859728,0.120252596587237,81390193.4304699,9021.65136937079,4710514.62453496,2170.37200141703,173360.457380264,416.365773545646,0.260554532265835,0.534390024883041,0.78530755543539,0.419259877356952
"elecCar_3,date=2025-28-11T13:56:08+01:00",0.0555855594781748,0.23576589973568,381580308.863766,19534.0807017829,23245280.7204585,4821.33598916924,763055.822011447,873.530664608545,0.502318518951049,0.503645773141964,0.759334108831011,0.382865601859237
"elecCar_30,date=2025-29-11T04:18:10+01:00",0.0320236746735574,0.178951598689583,49794285.4844092,7056.50660627546,4864474.33345704,2205.55533448087,21182.2306726309,145.541164873141,0.431006820074486,0.32850127831965,0.627189190310844,0.115177894818383
"elecCar_31,date=2025-29-11T04:40:27+01:00",0.0450952985924289,0.212356536495651,65369763.3001113,8085.15697436428,4541552.3528765,2131.09182178444,106775.539683822,326.765266948342,0.503486954684089,0.439324329014569,0.707346576118739,0.301834350963164
"elecCar_32,date=2025-29-11T05:03:29+01:00",0.0204252091669963,0.14291679106038,286266825.075109,16919.4215348844,18687783.1754667,4322.93686924372,518988.96337196,720.408886238892,0.301516902077548,0.467577758833666,0.729760785965743,0.338441315042636
"elecCar_33,date=2025-29-11T05:26:23+01:00",0.040878611974962,0.202184598758071,93865176.5892591,9688.40423337399,4920344.4372474,2218.1849420748,221859.120253839,471.01923554547,0.583947971637902,0.60726738199948,0.849295360573818,0.501882815262016
"elecCar_34,date=2025-29-11T05:50:27+01:00",0.0427538582922178,0.206770061402075,407813157.542845,20194.3843071,24478836.4032049,4947.60916031217,831119.726662581,911.657680635984,0.478529071996221,0.512121807509362,0.76642794763987,0.393016176650989
"elecCar_35,date=2025-29-11T06:12:43+01:00",0.11919039025076,0.345239612806468,55255117.1493294,7433.37858240312,4582340.75555383,2140.64026766616,58423.2723020842,241.709065411466,0.875524564273802,0.374516707001297,0.658812650456337,0.207020742363948
"elecCar_36,date=2025-29-11T06:37:41+01:00",0.0625565658597867,0.250113106133579,376856126.127199,19412.7825446843,23022315.8434996,4798.15754675683,750833.454649326,866.506465440003,0.678961950095192,0.502062324122497,0.758014723451991,0.380958465151015
"elecCar_37,date=2025-29-11T06:59:46+01:00",0.0414145710816749,0.203505702823471,62654846.8295007,7915.48146542589,4533638.11688141,2129.23416205954,94604.6373810148,307.57866860531,0.520446161303247,0.422622938904572,0.694436356821397,0.27916946900686
"elecCar_38,date=2025-29-11T07:23:02+01:00",0.0911286605520454,0.3018752400447,159470500.466812,12628.1629886065,12309824.0352637,3508.53588199746,207794.125945655,455.84440979972,0.603064965905948,0.398455323674027,0.676236600303858,0.244507433315753
"elecCar_39,date=2025-29-11T07:45:50+01:00",0.0271943626129668,0.16490713329922,296807351.216038,17228.0977248226,19198819.7575919,4381.64578184864,545678.765619891,738.700728048843,0.397042289090176,0.472056172351935,0.733376373767981,0.344081132857658
"elecCar_4,date=2025-28-11T14:40:11+01:00",0.116758461207806,0.341699372559865,381250655.989529,19525.6409879299,23229730.6851609,4819.72309216628,762202.586042076,873.042144482199,0.787906929286547,0.503535868222405,0.759242472159663,0.382733343619393
"elecCar_40,date=2025-29-11T08:08:11+01:00",0.140658332972975,0.375044441330591,128517752.131148,11336.5670346515,5666698.58238927,2380.48284648079,349577.398148374,591.250706678964,0.787999798303795,0.814847724132201,1.04518519148304,0.722441270442364
"elecCar_41,date=2025-29-11T08:34:03+01:00",0.0334690236793398,0.182945411747165,56151579.347672,7493.43575055342,6022840.4966785,2454.14761102068,883.05028334936,29.7161619888801,0.42997280677106,0.306393720208423,0.61296100659502,0.0206551126225901
"elecCar_42,date=2025-29-11T08:57:58+01:00",0.0311373668578932,0.176457833087379,76812774.2944778,8764.28971990759,4647167.76016815,2155.7290553704,154980.750427714,393.675945960271,0.429649901963561,0.507561774805164,0.762605006526973,0.387567221851497
"elecCar_43,date=2025-29-11T09:22:59+01:00",0.163095564619286,0.403850918804558,74237584.0619878,8616.12349389142,4615873.55405703,2148.45841338785,144454.622628675,380.071865084322,0.939486282928037,0.492393809625444,0.749999400156588,0.369234582027392
"elecCar_44,date=2025-29-11T09:48:00+01:00",0.101500409744948,0.31859128949949,352849891.051422,18784.2990566968,21885112.5048063,4678.15268079253,688904.234607066,830.002550964192,0.761408031940785,0.493723098051799,0.751097192150669,0.37085475957859
"elecCar_45,date=2025-29-11T10:12:27+01:00",0.112475668936006,0.335373924054936,55287379.0727631,7435.54833706049,5940694.27924523,2437.35395034148,417.866490461663,20.4417829570139,1.0611261208643,0.305997201735994,0.612711949662763,0.0143007628543812
"elecCar_46,date=2025-29-11T10:37:07+01:00",0.0357621783059979,0.189108905940461,127935195.050031,11310.8441351665,10608689.9705246,3257.09839742748,135315.731546822,367.852866710077,0.415281892458419,0.374548048806044,0.658835049275616,0.207072603764825
"elecCar_47,date=2025-29-11T11:01:48+01:00",0.0918431864879631,0.303056408095858,308137469.61693,17553.8448670635,19745915.3117856,4443.63762156475,574463.069582171,757.933420283188,1.00858102288548,0.476715879998899,0.737155810578232,0.349908424431385
"elecCar_48,date=2025-29-11T11:26:50+01:00",0.0352722099791675,0.187808972041187,54498653.9575222,7382.32036405372,5862549.36602258,2421.27019682285,129.150838828621,11.3644550607858,0.439604882930116,0.305746136056953,0.612554367458391,0.00800115499120498
"elecCar_49,date=2025-29-11T11:51:27+01:00",0.0576117103980325,0.2400243954227,51319248.0877735,7163.74539523659,5493736.88491113,2343.87219892876,1268.82217243059,35.6205302098466,0.545847345633076,0.306832310641037,0.613236746923887,0.0259356601226241
"elecCar_5,date=2025-28-11T15:29:55+01:00",0.0189343151969709,0.137602017416065,80641823.5478853,8980.0792617819,7825870.20263648,2797.47568401166,36537.004712728,191.146552971085,0.301519632807405,0.330173421647564,0.628292037469892,0.119471520089384
"elecCar_50,date=2025-29-11T12:15:58+01:00",0.0702165095980212,0.264983979889391,64876131.2100891,8054.57206871284,4539446.41134412,2130.59766529116,104591.153337924,323.405555514936,0.591598591930333,0.436309903154695,0.70499711634675,0.297807789580048
"elecCar_51,date=2025-29-11T12:41:00+01:00",0.0314413233454798,0.177317013694343,61529648.2510575,7844.08364635778,6482262.72263581,2546.0288141802,5995.12671629109,77.428203623041,0.436724158720686,0.310446988633154,0.615519540513999,0.0520931233462504
"elecCar_52,date=2025-29-11T13:05:01+01:00",0.0267385233715796,0.163519183497165,124596404.107058,11162.2759375971,10423578.4843978,3228.5567184731,127856.353941423,357.570068575968,0.382284650047139,0.371777965021996,0.656859683987259,0.202454776616046
"elecCar_53,date=2025-29-11T13:27:51+01:00",0.0490452093602668,0.221461530203931,90155829.0421594,9495.04234019835,4853262.88495714,2203.01222987008,207639.183135478,455.67442668585,0.55709272136401,0.585583682045848,0.829931528794861,0.477730198118813
"elecCar_54,date=2025-29-11T13:53:19+01:00",0.0144641869713102,0.120267148346131,151757579.212128,12318.9926216444,11900543.8360615,3449.71648633065,189776.883100229,435.63388653803,0.239791785080792,0.392955229510725,0.672178437701942,0.23622481133784
"elecCar_55,date=2025-29-11T14:18:40+01:00",0.101379954710814,0.318402190179047,64396057.590692,8024.71542116554,6704360.69707638,2589.27802622205,9694.40372613994,98.4601631429683,0.497545764373647,0.313169424429669,0.617250847411888,0.0653200101374806
"elecCar_56,date=2025-29-11T14:43:23+01:00",0.0864590518858347,0.294039201273971,121738091.319751,11033.4985983482,5507825.01814872,2346.87558642309,325139.959361319,570.210451816975,0.730242578407591,0.773207680260077,1.00463031109704,0.679288194506027
"elecCar_57,date=2025-29-11T15:08:48+01:00",0.034541383249268,0.185853122785892,88322358.0329686,9397.99755442448,8310737.57182069,2882.83498865625,51168.9658202224,226.205583088089,0.426891921352764,0.338137847412416,0.633594699487014,0.138355922387957
"elecCar_58,date=2025-29-11T15:34:01+01:00",0.105918015987785,0.325450481621683,57573219.3981427,7587.70185221735,4551298.59542938,2133.37727451789,70433.5512573845,265.393201226754,0.725650114946821,0.390198431302313,0.670156479644786,0.232006970346745
"elecCar_59,date=2025-29-11T15:59:02+01:00",0.115644627161051,0.34006562184533,52269014.276766,7229.73127279057,5617136.10883249,2370.04981146652,362.143847449767,19.0300774420328,0.642617120573375,0.305966700894485,0.612692800969732,0.0136907910644994
"elecCar_6,date=2025-28-11T16:14:58+01:00",0.105490156555269,0.324792482294878,468301386.823086,21640.2723370822,27297305.7938341,5224.68236296085,989171.169466803,994.57084688161,0.700461831429802,0.529870384245292,0.781448050293901,0.413979301807217
"elecCar_60,date=2025-29-11T16:24:30+01:00",0.0222009827900805,0.148999942248581,155237563.592688,12459.4367285479,12085677.6975365,3476.44613039474,197885.890551516,444.843669789193,0.328228256506067,0.395462396184745,0.674024345976004,0.240021517799302
"elecCar_61,date=2025-29-11T16:48:58+01:00",0.187133721224422,0.432589552837816,69476924.0044173,8335.28187912187,4568397.90398604,2137.38108534394,124551.101371106,352.917981082157,1.01452546309101,0.464114725572939,0.726976402042981,0.334052573103639
"elecCar_62,date=2025-29-11T17:13:32+01:00",0.119092668668999,0.345098056599859,434869272.489737,20853.5194269394,25743675.3865701,5073.82256159693,901637.752181622,949.546076913396,0.798489474794983,0.520347464226583,0.77336168511734,0.402778336333929
"elecCar_63,date=2025-29-11T17:38:06+01:00",0.122168980694573,0.349526795388526,291926689.658193,17085.862274354,18962446.5422311,4354.58913586932,533309.418903907,730.280370066119,0.846496415172702,0.470000225491426,0.731714472177191,0.341496903687863
"elecCar_64,date=2025-29-11T18:03:02+01:00",0.0708418796776875,0.266161379012222,57947344.9015536,7612.31534433208,6184577.08615358,2486.8809955753,2233.24202852354,47.2571902309431,0.624835681936442,0.307509387385874,0.613662953258899,0.032452299978815
"elecCar_65,date=2025-29-11T18:28:01+01:00",0.0950938272709788,0.308372870517137,56280137.7931101,7502.00891715746,4566085.61563433,2136.84010062389,63842.2559955181,252.670251504838,0.599470634454812,0.381552594440805,0.66386864208654,0.218457483202527
"elecCar_66,date=2025-29-11T18:53:19+01:00",0.0555863802484569,0.235767640375979,61325229.551979,7831.04268612929,6465955.20892095,2542.82425836332,5751.37111249981,75.8377947497144,0.516960678506124,0.310262480275456,0.615402575787776,0.0510777011698753
"elecCar_67,date=2025-29-11T19:18:13+01:00",0.131517030400346,0.362652768361619,66114209.612772,8131.06448214328,6832530.48723059,2613.91095625513,12124.037182794,110.10920571321,0.737579559209384,0.314888955722857,0.618349633367093,0.0724885865633477
"elecCar_68,date=2025-29-11T19:43:19+01:00",0.062807745503232,0.250614735207713,267083873.71969,16342.7009309872,17752161.8200805,4213.33143961884,470654.193932855,686.042414091764,0.44394963198047,0.459042786819674,0.722916693114959,0.327579170672307
"elecCar_69,date=2025-29-11T20:08:31+01:00",0.0428038821496753,0.20689099098239,142841671.386977,11951.6388577875,6016758.14896121,2452.90810039048,400592.005034256,632.923380066068,0.373585834486351,0.905093202366178,1.13469832565701,0.814803636574472
"elecCar_7,date=2025-28-11T17:03:53+01:00",0.0466523812786977,0.215991623167885,55550392.4397741,7453.21356461587,5966046.37989347,2442.54915608539,544.394829175894,23.3322701247841,0.472668315633947,0.306105882621227,0.612780191117182,0.0162899999954065
"elecCar_70,date=2025-29-11T20:35:35+01:00",0.017595735798772,0.132648919327569,302682634.006862,17397.7766972353,19482796.6611582,4413.93210880709,560593.087357881,748.72764564819,0.276792102172093,0.474491806269276,0.735349681945855,0.347132129394757
"elecCar_71,date=2025-29-11T21:02:11+01:00",0.0517853928490837,0.227564041203973,75657753.4927418,8698.14655502779,7498984.75543135,2738.42742380209,27566.1997957571,166.030719433956,0.585003374796415,0.324902170487516,0.624827912482332,0.105426628926404
"elecCar_72,date=2025-29-11T21:28:03+01:00",0.0739740937277667,0.271981789331137,442047881.480288,21024.9347556726,26078100.7454095,5106.67217916027,920397.701737445,959.373598624355,0.659089664615583,0.522449225486645,0.775140997226273,0.405259471797291
"elecCar_73,date=2025-29-11T21:52:45+01:00",0.0344110784680277,0.185502233054019,95027245.1379377,9748.19189070146,4942046.90370018,2223.07150215646,226284.542558267,475.693748706315,0.45610054850438,0.614070027779371,0.855422279473324,0.509398020945931
"elecCar_74,date=2025-29-11T22:18:52+01:00",0.0265845941641811,0.163047827842572,470836856.66688,21698.7754646865,27414745.9875105,5235.909279916,995826.177961262,997.910906825485,0.380864009722399,0.530566049162141,0.782041209000952,0.414793534180648
"elecCar_75,date=2025-29-11T22:44:20+01:00",0.147321936467813,0.383825398414192,49436108.8333002,7031.08162612981,4964349.8822337,2228.08210850357,15255.9438280455,123.514953864079,0.893464723851695,0.321716061831501,0.622751941661401,0.096074055322881
"elecCar_76,date=2025-29-11T23:09:32+01:00",0.051864082115892,0.227736870347978,52724519.5061858,7261.1651617482,4648763.82996152,2156.09921616829,43919.1283877257,209.56891083299,0.569033971020403,0.356049748986372,0.645812438503115,0.174689661502869
"elecCar_77,date=2025-29-11T23:34:32+01:00",0.0677577843710008,0.260303254630058,138582393.919557,11772.1023576741,5910824.61528298,2431.21875101419,385501.451452061,620.887631904567,0.68940198678394,0.877909407758443,1.107523640199,0.787126729431863
"elecCar_78,date=2025-30-11T00:02:42-023:00",0.076714961801589,0.276974659132544,217614284.760609,14751.7553111692,15299296.9787816,3911.43157664577,347721.857455569,589.679453140067,0.675857210991724,0.434317216365106,0.703448612868795,0.295131332655868
"elecCar_79,date=2025-30-11T00:27:47-023:00",0.0686047409435624,0.261925067421128,149477805.176083,12226.1116131043,6184571.35506419,2486.87984331053,423985.377937524,651.141595920215,0.528263104953628,0.948090236865002,1.1780111891203,0.858366453297293
"elecCar_8,date=2025-28-11T17:42:16+01:00",0.048074271787485,0.219258458873278,58811528.4053378,7668.86747866579,6258994.13556269,2501.79818042197,3029.25099674246,55.0386318574732,0.486484888295867,0.308149075623438,0.614066214715716,0.0375952731308772
"elecCar_80,date=2025-30-11T00:57:13-023:00",0.0175206162029508,0.13236546454023,231379403.794174,15211.1605012298,15988447.7039145,3998.55570223981,381644.409673772,617.773752820377,0.276567896913415,0.441639886875206,0.709156987635646,0.304909792277192
"elecCar_81,date=2025-30-11T01:24:03+01:00",0.154793663206368,0.393438258442627,79671731.4023225,8925.9022738501,7763106.99919551,2786.23527348204,34754.0659782154,186.424424307051,0.957231576152801,0.32915187511893,0.627617850303389,0.116864604840837
"elecCar_82,date=2025-30-11T01:49:04+01:00",0.0328575580047246,0.181266538568829,407000683.270703,20174.2579360606,24440741.7339511,4943.75785551346,829006.942366889,910.49818361537,0.421685504482408,0.511866987806983,0.766213920625613,0.392712399718906
"elecCar_83,date=2025-30-11T02:14:07+01:00",0.0320713836955142,0.179084850547203,62885256.3257123,7930.02246691094,4533936.84090309,2129.30430913552,95653.5237859551,309.279038710927,0.489878393759246,0.424053031961014,0.695531467099674,0.28114620147315
"elecCar_84,date=2025-30-11T02:39:56+01:00",0.015424465478611,0.124195271563015,52299415.4003095,7231.83347432098,4665574.33175096,2159.99405826751,41240.6496855763,203.077939928433,0.27708134555932,0.352705230228695,0.643501160077877,0.168369030114462
"elecCar_85,date=2025-30-11T03:04:50+01:00",0.0298235910691629,0.172695081195623,51016767.4596288,7142.60228905605,5450132.01898218,2334.55178117389,1741.87800539485,41.7358120251045,0.364493988210883,0.307293457399139,0.613526959768909,0.0305240173119754
"elecCar_86,date=2025-30-11T03:29:49+01:00",0.0429934581863783,0.207348639219982,60762174.5190083,7795.0095906938,6420665.93879231,2533.90330099479,5095.87136278272,71.3853721905456,0.525298441479872,0.309762736903779,0.61508601299053,0.04822338871846
"elecCar_87,date=2025-30-11T03:54:36+01:00",0.0485677687202285,0.220380962699205,419557166.328209,20483.0946472502,25028732.384059,5002.87241333006,861691.252610334,928.273263974749,0.560184108728586,0.515753163898023,0.769483038897238,0.397336214231479
"elecCar_88,date=2025-30-11T04:18:54+01:00",0.0417703354624432,0.204377923128804,211167396.392082,14531.5999254068,14974488.8547764,3869.68846999037,331921.778190279,576.126529670591,0.455460396641012,0.430754087883212,0.700688957827026,0.290315235317803
"elecCar_89,date=2025-30-11T04:41:22+01:00",0.0347084324479544,0.186301992603285,410221680.782822,20253.9300083421,24591725.5260637,4959.00448941758,837384.634813776,915.087227980905,0.434231596243966,0.512874431997743,0.767060361263938,0.393912911710213
"elecCar_9,date=2025-28-11T18:16:52+01:00",0.0270286992251672,0.164404073018789,50933124.5763782,7136.74467641783,4740903.00139119,2177.36147696959,31720.1033477187,178.101385024706,0.358082311383514,0.341013870554252,0.635529499690348,0.144668893397534
"elecCar_90,date=2025-30-11T05:03:36+01:00",0.0818674198873399,0.28612483269954,124002075.031543,11135.621896937,10390504.2826881,3223.43051463624,126533.796816179,355.71589339834,0.770100333925498,0.371279554222022,0.656505192712999,0.201616376824144
"elecCar_91,date=2025-30-11T05:26:22+01:00",0.0731022072278664,0.270374198524686,92267410.3332111,9605.59265913411,8552805.98622155,2924.51807760211,58983.4104945282,242.865004672407,0.762778124409968,0.34212485529482,0.636279698045233,0.14704876437527
"elecCar_92,date=2025-30-11T05:48:55+01:00",0.0247587602999484,0.157349166823178,102901807.577477,10144.052818153,9187299.42992473,3031.05582758298,80820.2936869271,284.289102300681,0.378104648642907,0.352472694698948,0.643340966969791,0.167922993415569
"elecCar_93,date=2025-30-11T06:11:04+01:00",0.110843584475848,0.332931801538765,56830110.7733724,7538.57485028652,4559101.32757627,2135.20521907761,66675.4210148839,258.215841913086,1.06186037414803,0.385257476744895,0.666553083718512,0.224326554687581
"elecCar_94,date=2025-30-11T06:33:16+01:00",0.00538718148163344,0.0733974214917217,288981264.282867,16999.4489405647,18819585.4846291,4338.15461741846,525853.749344703,725.157741008605,0.156526941519144,0.468744769687031,0.730701355990333,0.339914786622759
"elecCar_95,date=2025-30-11T06:55:41+01:00",0.239933965833946,0.489830548081626,106386333.848202,10314.3751070146,9390467.88696812,3064.38703282861,88178.1289867684,296.948024049274,0.997755988129764,0.355733854749864,0.645593557559165,0.174099969486772
"elecCar_96,date=2025-30-11T07:17:55+01:00",0.0325048655535423,0.180291057885693,111150726.554345,10542.8044918961,9665099.39218573,3108.8742966202,98373.8144401825,313.64600179212,0.409770373054079,0.360090820744816,0.6486230156449,0.182109093204787
"elecCar_97,date=2025-30-11T07:40:33+01:00",0.0262200449029131,0.161926047635682,121142032.941749,11006.4541493502,5494096.62067437,2343.94893730098,322981.198143479,568.314348000716,0.315278940080481,0.76957605529992,1.00111866667477,0.675505231494027
"elecCar_98,date=2025-30-11T08:04:20+01:00",0.0975872964647423,0.312389654861908,127660791.416692,11298.7075108922,10593519.5051662,3254.76873297723,134700.821510621,367.016105246924,0.742562733391296,0.37432227747372,0.658673723793423,0.206698825494494
"elecCar_99,date=2025-30-11T08:26:55+01:00",0.0304295006354556,0.17444053610172,157810141.047923,12562.2506362484,12222035.9509593,3496.0028533969,203901.959436695,451.555045854539,0.309641732923998,0.397288640314609,0.675373112670481,0.242764607455843
